# Tue Jul 14 2015 14:40:26 GMT+0200
# ---------------------------------------------
# R/G/B cubehelix colour scheme
#
# see http://www.mrao.cam.ac.uk/~dag/CUBEHELIX/
#----------------------------------------------
# see Green (2011), BASI, 39, 289.
#
# start............: 3.0
# rotations........: -2
# hue..............: 1.6
# gamma............: 0.8
# number of levels.: 254
#----------------------------------------------
# Dave Green: dag@mrao.cam.ac.uk
#----------------------------------------------
# faction and R/G/B values
#
mode = 1
0.000 0.000 0.000 0.000
0.004 0.011 0.011 0.018
0.008 0.019 0.020 0.033
0.012 0.025 0.027 0.047
0.016 0.030 0.035 0.060
0.020 0.034 0.042 0.073
0.024 0.038 0.050 0.085
0.028 0.041 0.057 0.097
0.032 0.043 0.065 0.108
0.036 0.044 0.073 0.118
0.040 0.046 0.081 0.128
0.043 0.046 0.089 0.137
0.047 0.047 0.097 0.146
0.051 0.047 0.105 0.154
0.055 0.046 0.114 0.162
0.059 0.046 0.122 0.169
0.063 0.045 0.131 0.175
0.067 0.044 0.140 0.181
0.071 0.042 0.148 0.186
0.075 0.041 0.157 0.190
0.079 0.040 0.166 0.194
0.083 0.038 0.175 0.197
0.087 0.037 0.184 0.199
0.091 0.036 0.193 0.201
0.095 0.034 0.202 0.202
0.099 0.033 0.211 0.202
0.103 0.033 0.220 0.202
0.107 0.032 0.229 0.201
0.111 0.032 0.238 0.200
0.115 0.032 0.247 0.198
0.119 0.032 0.255 0.195
0.123 0.033 0.264 0.192
0.126 0.034 0.272 0.188
0.130 0.036 0.280 0.184
0.134 0.038 0.288 0.179
0.138 0.040 0.295 0.174
0.142 0.043 0.303 0.169
0.146 0.047 0.310 0.163
0.150 0.051 0.317 0.157
0.154 0.056 0.323 0.150
0.158 0.061 0.330 0.144
0.162 0.067 0.335 0.137
0.166 0.074 0.341 0.130
0.170 0.081 0.346 0.123
0.174 0.089 0.351 0.116
0.178 0.098 0.356 0.109
0.182 0.107 0.360 0.102
0.186 0.117 0.364 0.095
0.190 0.127 0.367 0.088
0.194 0.138 0.370 0.082
0.198 0.150 0.373 0.075
0.202 0.162 0.375 0.069
0.206 0.175 0.377 0.064
0.209 0.188 0.379 0.058
0.213 0.202 0.380 0.053
0.217 0.217 0.381 0.049
0.221 0.232 0.381 0.045
0.225 0.247 0.381 0.041
0.229 0.263 0.381 0.038
0.233 0.279 0.380 0.036
0.237 0.296 0.379 0.034
0.241 0.313 0.378 0.033
0.245 0.330 0.376 0.033
0.249 0.348 0.374 0.034
0.253 0.365 0.372 0.035
0.257 0.383 0.370 0.037
0.261 0.401 0.367 0.040
0.265 0.420 0.364 0.043
0.269 0.438 0.361 0.048
0.273 0.456 0.358 0.053
0.277 0.474 0.354 0.059
0.281 0.492 0.351 0.067
0.285 0.510 0.347 0.074
0.289 0.528 0.343 0.083
0.292 0.545 0.339 0.093
0.296 0.563 0.335 0.103
0.300 0.580 0.331 0.115
0.304 0.596 0.328 0.127
0.308 0.612 0.324 0.140
0.312 0.628 0.320 0.154
0.316 0.643 0.316 0.168
0.320 0.658 0.313 0.184
0.324 0.672 0.309 0.200
0.328 0.686 0.306 0.216
0.332 0.699 0.303 0.234
0.336 0.711 0.300 0.252
0.340 0.723 0.297 0.271
0.344 0.733 0.295 0.290
0.348 0.744 0.292 0.310
0.352 0.753 0.290 0.330
0.356 0.761 0.289 0.351
0.360 0.769 0.288 0.372
0.364 0.776 0.287 0.393
0.368 0.782 0.286 0.415
0.372 0.787 0.286 0.437
0.375 0.791 0.286 0.459
0.379 0.794 0.287 0.481
0.383 0.797 0.288 0.504
0.387 0.798 0.290 0.526
0.391 0.799 0.292 0.549
0.395 0.799 0.294 0.571
0.399 0.798 0.297 0.593
0.403 0.795 0.300 0.615
0.407 0.793 0.304 0.637
0.411 0.789 0.308 0.658
0.415 0.784 0.313 0.680
0.419 0.779 0.318 0.700
0.423 0.773 0.324 0.721
0.427 0.766 0.330 0.740
0.431 0.758 0.337 0.760
0.435 0.750 0.344 0.778
0.439 0.741 0.352 0.796
0.443 0.731 0.360 0.814
0.447 0.721 0.368 0.830
0.451 0.710 0.377 0.846
0.455 0.699 0.386 0.861
0.458 0.687 0.396 0.876
0.462 0.674 0.406 0.889
0.466 0.662 0.416 0.902
0.470 0.649 0.427 0.913
0.474 0.635 0.438 0.924
0.478 0.622 0.449 0.934
0.482 0.608 0.461 0.942
0.486 0.594 0.473 0.950
0.490 0.580 0.485 0.957
0.494 0.566 0.497 0.962
0.498 0.552 0.510 0.967
0.502 0.538 0.522 0.971
0.506 0.524 0.535 0.973
0.510 0.510 0.548 0.975
0.514 0.496 0.561 0.975
0.518 0.483 0.574 0.975
0.522 0.470 0.587 0.973
0.526 0.457 0.600 0.971
0.530 0.445 0.613 0.968
0.534 0.433 0.626 0.963
0.538 0.421 0.639 0.958
0.542 0.410 0.652 0.952
0.545 0.400 0.664 0.945
0.549 0.390 0.677 0.937
0.553 0.381 0.689 0.929
0.557 0.372 0.701 0.919
0.561 0.365 0.713 0.909
0.565 0.357 0.725 0.898
0.569 0.351 0.736 0.887
0.573 0.346 0.747 0.875
0.577 0.341 0.758 0.862
0.581 0.337 0.768 0.849
0.585 0.334 0.778 0.836
0.589 0.332 0.788 0.822
0.593 0.330 0.797 0.808
0.597 0.330 0.806 0.793
0.601 0.330 0.814 0.779
0.605 0.332 0.822 0.764
0.609 0.334 0.830 0.749
0.613 0.337 0.837 0.734
0.617 0.341 0.844 0.719
0.621 0.346 0.850 0.703
0.625 0.352 0.856 0.688
0.628 0.358 0.861 0.674
0.632 0.366 0.866 0.659
0.636 0.374 0.870 0.645
0.640 0.383 0.874 0.630
0.644 0.393 0.878 0.617
0.648 0.403 0.881 0.603
0.652 0.415 0.883 0.590
0.656 0.427 0.885 0.578
0.660 0.439 0.887 0.566
0.664 0.453 0.888 0.555
0.668 0.466 0.889 0.544
0.672 0.481 0.889 0.534
0.676 0.496 0.889 0.525
0.680 0.511 0.889 0.516
0.684 0.527 0.888 0.508
0.688 0.543 0.887 0.501
0.692 0.560 0.885 0.494
0.696 0.577 0.883 0.489
0.700 0.594 0.881 0.484
0.704 0.612 0.879 0.480
0.708 0.629 0.876 0.477
0.711 0.647 0.873 0.475
0.715 0.665 0.870 0.474
0.719 0.682 0.867 0.473
0.723 0.700 0.864 0.473
0.727 0.718 0.860 0.475
0.731 0.736 0.856 0.477
0.735 0.753 0.853 0.480
0.739 0.770 0.849 0.484
0.743 0.788 0.845 0.488
0.747 0.804 0.841 0.494
0.751 0.821 0.837 0.500
0.755 0.837 0.833 0.507
0.759 0.853 0.830 0.515
0.763 0.868 0.826 0.523
0.767 0.883 0.822 0.533
0.771 0.897 0.819 0.542
0.775 0.911 0.815 0.553
0.779 0.924 0.812 0.564
0.783 0.937 0.809 0.576
0.787 0.949 0.806 0.588
0.791 0.961 0.804 0.600
0.794 0.972 0.801 0.613
0.798 0.982 0.799 0.627
0.802 0.992 0.797 0.640
0.806 1.000 0.796 0.655
0.810 1.000 0.795 0.669
0.814 1.000 0.794 0.683
0.818 1.000 0.793 0.698
0.822 1.000 0.793 0.713
0.826 1.000 0.793 0.727
0.830 1.000 0.793 0.742
0.834 1.000 0.793 0.757
0.838 1.000 0.794 0.772
0.842 1.000 0.796 0.786
0.846 1.000 0.797 0.801
0.850 1.000 0.799 0.815
0.854 1.000 0.802 0.829
0.858 1.000 0.804 0.843
0.862 1.000 0.807 0.856
0.866 1.000 0.810 0.869
0.870 1.000 0.814 0.882
0.874 1.000 0.818 0.894
0.877 1.000 0.822 0.906
0.881 1.000 0.826 0.917
0.885 1.000 0.831 0.928
0.889 1.000 0.836 0.938
0.893 1.000 0.841 0.948
0.897 1.000 0.847 0.957
0.901 1.000 0.852 0.966
0.905 1.000 0.858 0.973
0.909 1.000 0.864 0.981
0.913 1.000 0.870 0.987
0.917 1.000 0.876 0.994
0.921 1.000 0.883 0.999
0.925 1.000 0.889 1.000
0.929 1.000 0.896 1.000
0.933 1.000 0.902 1.000
0.937 1.000 0.909 1.000
0.941 1.000 0.915 1.000
0.945 0.998 0.922 1.000
0.949 0.996 0.928 1.000
0.953 0.994 0.935 1.000
0.957 0.992 0.941 1.000
0.960 0.990 0.947 1.000
0.964 0.989 0.953 1.000
0.968 0.988 0.959 1.000
0.972 0.988 0.965 1.000
0.976 0.988 0.971 1.000
0.980 0.989 0.976 1.000
0.984 0.990 0.982 1.000
0.988 0.992 0.987 1.000
0.992 0.994 0.991 1.000
0.996 0.997 0.996 1.000
1.000 1.000 1.000 1.000
