# Thu Jul 23 2015 10:14:15 GMT+0200
# ---------------------------------------------
# R/G/B cubehelix colour scheme
#
# see http://www.mrao.cam.ac.uk/~dag/CUBEHELIX/
#----------------------------------------------
# see Green (2011), BASI, 39, 289.
#
# start............: 1.0
# rotations........: -0.8
# hue..............: 1.6
# gamma............: 1.0
# number of levels.: 256
#----------------------------------------------
# Dave Green: dag@mrao.cam.ac.uk
#----------------------------------------------
# The value "mode" is the maximum value of the color intensity, e.g. 1 or 255
mode = 1
0	0	0
0.009	0.002	0.001
0.018	0.004	0.002
0.027	0.005	0.004
0.036	0.007	0.005
0.046	0.009	0.007
0.055	0.01	0.009
0.064	0.012	0.012
0.073	0.013	0.014
0.082	0.015	0.017
0.092	0.016	0.02
0.101	0.018	0.023
0.11	0.019	0.027
0.119	0.02	0.031
0.128	0.021	0.035
0.137	0.023	0.039
0.146	0.024	0.044
0.155	0.025	0.048
0.164	0.026	0.053
0.173	0.027	0.058
0.182	0.029	0.064
0.19	0.03	0.069
0.199	0.031	0.075
0.208	0.032	0.081
0.216	0.033	0.087
0.224	0.035	0.094
0.233	0.036	0.1
0.241	0.037	0.107
0.249	0.038	0.114
0.257	0.04	0.121
0.265	0.041	0.129
0.272	0.042	0.136
0.28	0.044	0.144
0.287	0.045	0.152
0.294	0.046	0.16
0.301	0.048	0.168
0.308	0.05	0.177
0.315	0.051	0.185
0.322	0.053	0.194
0.328	0.054	0.203
0.335	0.056	0.212
0.341	0.058	0.221
0.347	0.06	0.23
0.353	0.062	0.239
0.359	0.064	0.248
0.364	0.066	0.258
0.369	0.068	0.268
0.375	0.07	0.277
0.38	0.073	0.287
0.384	0.075	0.297
0.389	0.077	0.307
0.393	0.08	0.317
0.398	0.082	0.327
0.402	0.085	0.337
0.406	0.088	0.347
0.409	0.091	0.358
0.413	0.094	0.368
0.416	0.097	0.378
0.419	0.1	0.389
0.422	0.103	0.399
0.425	0.106	0.409
0.428	0.11	0.42
0.43	0.113	0.43
0.432	0.117	0.44
0.434	0.121	0.451
0.436	0.124	0.461
0.438	0.128	0.471
0.439	0.132	0.481
0.441	0.136	0.492
0.442	0.14	0.502
0.443	0.145	0.512
0.444	0.149	0.522
0.444	0.154	0.532
0.445	0.158	0.542
0.445	0.163	0.552
0.445	0.168	0.562
0.445	0.172	0.571
0.445	0.177	0.581
0.444	0.182	0.59
0.444	0.188	0.6
0.443	0.193	0.609
0.443	0.198	0.618
0.442	0.203	0.627
0.441	0.209	0.636
0.439	0.215	0.645
0.438	0.22	0.654
0.437	0.226	0.662
0.435	0.232	0.671
0.433	0.238	0.679
0.432	0.244	0.687
0.43	0.25	0.695
0.428	0.256	0.703
0.426	0.263	0.711
0.423	0.269	0.718
0.421	0.275	0.725
0.419	0.282	0.732
0.416	0.289	0.739
0.414	0.295	0.746
0.411	0.302	0.753
0.409	0.309	0.759
0.406	0.316	0.766
0.403	0.323	0.772
0.4	0.33	0.777
0.397	0.337	0.783
0.394	0.344	0.789
0.391	0.351	0.794
0.389	0.358	0.799
0.386	0.365	0.804
0.383	0.373	0.809
0.379	0.38	0.813
0.376	0.387	0.817
0.373	0.395	0.822
0.37	0.402	0.825
0.367	0.41	0.829
0.364	0.417	0.833
0.361	0.425	0.836
0.358	0.432	0.839
0.355	0.44	0.842
0.353	0.448	0.845
0.35	0.455	0.847
0.347	0.463	0.849
0.344	0.47	0.852
0.341	0.478	0.853
0.339	0.486	0.855
0.336	0.494	0.857
0.334	0.501	0.858
0.331	0.509	0.859
0.329	0.517	0.86
0.327	0.524	0.861
0.325	0.532	0.861
0.322	0.539	0.862
0.32	0.547	0.862
0.319	0.555	0.862
0.317	0.562	0.862
0.315	0.57	0.862
0.314	0.577	0.861
0.312	0.585	0.861
0.311	0.592	0.86
0.31	0.6	0.859
0.309	0.607	0.858
0.308	0.614	0.856
0.307	0.622	0.855
0.307	0.629	0.854
0.306	0.636	0.852
0.306	0.643	0.85
0.306	0.65	0.848
0.306	0.657	0.846
0.306	0.664	0.844
0.306	0.671	0.842
0.307	0.678	0.839
0.307	0.685	0.837
0.308	0.691	0.834
0.309	0.698	0.832
0.31	0.705	0.829
0.311	0.711	0.826
0.313	0.718	0.823
0.315	0.724	0.82
0.316	0.73	0.817
0.318	0.736	0.814
0.321	0.743	0.811
0.323	0.749	0.808
0.326	0.754	0.805
0.328	0.76	0.802
0.331	0.766	0.798
0.335	0.772	0.795
0.338	0.777	0.792
0.341	0.783	0.788
0.345	0.788	0.785
0.349	0.794	0.782
0.353	0.799	0.778
0.357	0.804	0.775
0.361	0.809	0.772
0.366	0.814	0.769
0.371	0.819	0.765
0.376	0.823	0.762
0.381	0.828	0.759
0.386	0.833	0.756
0.392	0.837	0.753
0.397	0.841	0.75
0.403	0.846	0.747
0.409	0.85	0.744
0.415	0.854	0.741
0.421	0.858	0.739
0.428	0.862	0.736
0.434	0.865	0.734
0.441	0.869	0.731
0.448	0.873	0.729
0.455	0.876	0.727
0.462	0.879	0.725
0.469	0.883	0.723
0.477	0.886	0.721
0.484	0.889	0.719
0.492	0.892	0.718
0.5	0.895	0.717
0.508	0.898	0.715
0.516	0.901	0.714
0.524	0.903	0.713
0.532	0.906	0.713
0.541	0.908	0.712
0.549	0.911	0.712
0.558	0.913	0.711
0.566	0.915	0.711
0.575	0.918	0.711
0.584	0.92	0.712
0.593	0.922	0.712
0.602	0.924	0.713
0.611	0.926	0.713
0.62	0.928	0.714
0.629	0.929	0.716
0.638	0.931	0.717
0.647	0.933	0.719
0.656	0.934	0.721
0.665	0.936	0.723
0.675	0.938	0.725
0.684	0.939	0.727
0.693	0.94	0.73
0.702	0.942	0.733
0.712	0.943	0.736
0.721	0.945	0.739
0.73	0.946	0.743
0.739	0.947	0.746
0.748	0.948	0.75
0.758	0.95	0.755
0.767	0.951	0.759
0.776	0.952	0.764
0.785	0.953	0.768
0.794	0.954	0.773
0.802	0.956	0.779
0.811	0.957	0.784
0.82	0.958	0.79
0.829	0.959	0.795
0.837	0.96	0.801
0.845	0.962	0.808
0.854	0.963	0.814
0.862	0.964	0.821
0.87	0.965	0.828
0.878	0.967	0.835
0.886	0.968	0.842
0.894	0.969	0.849
0.901	0.971	0.857
0.909	0.972	0.865
0.916	0.973	0.873
0.923	0.975	0.881
0.93	0.976	0.889
0.937	0.978	0.898
0.944	0.98	0.906
0.95	0.981	0.915
0.956	0.983	0.924
0.963	0.985	0.933
0.969	0.987	0.942
0.974	0.989	0.951
0.98	0.991	0.961
0.985	0.993	0.971
0.99	0.995	0.98
0.995	0.998	0.99
1.000	1.000	1.000

